(kicad_pcb (version 20171130) (host pcbnew "(5.1.5-0-10_14)")

  (general
    (thickness 1.6)
    (drawings 6)
    (tracks 113)
    (zones 0)
    (modules 10)
    (nets 14)
  )

  (page A4)
  (layers
    (0 F.Cu signal)
    (31 B.Cu signal hide)
    (32 B.Adhes user)
    (33 F.Adhes user)
    (34 B.Paste user)
    (35 F.Paste user)
    (36 B.SilkS user)
    (37 F.SilkS user)
    (38 B.Mask user)
    (39 F.Mask user)
    (40 Dwgs.User user)
    (41 Cmts.User user)
    (42 Eco1.User user)
    (43 Eco2.User user)
    (44 Edge.Cuts user)
    (45 Margin user)
    (46 B.CrtYd user)
    (47 F.CrtYd user)
    (48 B.Fab user)
    (49 F.Fab user)
  )

  (setup
    (last_trace_width 0.25)
    (trace_clearance 0.2)
    (zone_clearance 0.508)
    (zone_45_only no)
    (trace_min 0.2)
    (via_size 0.8)
    (via_drill 0.4)
    (via_min_size 0.4)
    (via_min_drill 0.3)
    (uvia_size 0.3)
    (uvia_drill 0.1)
    (uvias_allowed no)
    (uvia_min_size 0.2)
    (uvia_min_drill 0.1)
    (edge_width 0.05)
    (segment_width 0.2)
    (pcb_text_width 0.3)
    (pcb_text_size 1.5 1.5)
    (mod_edge_width 0.12)
    (mod_text_size 1 1)
    (mod_text_width 0.15)
    (pad_size 1.524 1.524)
    (pad_drill 0.762)
    (pad_to_mask_clearance 0.051)
    (solder_mask_min_width 0.25)
    (aux_axis_origin 0 0)
    (visible_elements FFFFFF7F)
    (pcbplotparams
      (layerselection 0x010fc_ffffffff)
      (usegerberextensions false)
      (usegerberattributes false)
      (usegerberadvancedattributes false)
      (creategerberjobfile false)
      (excludeedgelayer true)
      (linewidth 0.100000)
      (plotframeref false)
      (viasonmask false)
      (mode 1)
      (useauxorigin false)
      (hpglpennumber 1)
      (hpglpenspeed 20)
      (hpglpendiameter 15.000000)
      (psnegative false)
      (psa4output false)
      (plotreference true)
      (plotvalue true)
      (plotinvisibletext false)
      (padsonsilk false)
      (subtractmaskfromsilk false)
      (outputformat 1)
      (mirror false)
      (drillshape 0)
      (scaleselection 1)
      (outputdirectory ""))
  )

  (net 0 "")
  (net 1 "Net-(C1-Pad1)")
  (net 2 "Net-(C1-Pad2)")
  (net 3 "Net-(C2-Pad2)")
  (net 4 "Net-(C2-Pad1)")
  (net 5 "Net-(C3-Pad1)")
  (net 6 "Net-(C3-Pad2)")
  (net 7 "Net-(C4-Pad2)")
  (net 8 "Net-(C4-Pad1)")
  (net 9 "Net-(J1-Pad9)")
  (net 10 "Net-(J1-Pad10)")
  (net 11 "Net-(J1-Pad11)")
  (net 12 VCC)
  (net 13 GND)

  (net_class Default "This is the default net class."
    (clearance 0.2)
    (trace_width 0.25)
    (via_dia 0.8)
    (via_drill 0.4)
    (uvia_dia 0.3)
    (uvia_drill 0.1)
    (add_net GND)
    (add_net "Net-(C1-Pad1)")
    (add_net "Net-(C1-Pad2)")
    (add_net "Net-(C2-Pad1)")
    (add_net "Net-(C2-Pad2)")
    (add_net "Net-(C3-Pad1)")
    (add_net "Net-(C3-Pad2)")
    (add_net "Net-(C4-Pad1)")
    (add_net "Net-(C4-Pad2)")
    (add_net "Net-(J1-Pad10)")
    (add_net "Net-(J1-Pad11)")
    (add_net "Net-(J1-Pad9)")
    (add_net VCC)
  )

  (module Connector_PinHeader_2.54mm:PinHeader_2x06_P2.54mm_Vertical (layer B.Cu) (tedit 59FED5CC) (tstamp 6046EF80)
    (at 85.09 107.95 180)
    (descr "Through hole straight pin header, 2x06, 2.54mm pitch, double rows")
    (tags "Through hole pin header THT 2x06 2.54mm double row")
    (path /6046DE6F)
    (fp_text reference J1 (at 1.27 2.33) (layer B.SilkS)
      (effects (font (size 1 1) (thickness 0.15)) (justify mirror))
    )
    (fp_text value "Male Pins" (at 1.27 -15.03) (layer B.Fab)
      (effects (font (size 1 1) (thickness 0.15)) (justify mirror))
    )
    (fp_line (start 0 1.27) (end 3.81 1.27) (layer B.Fab) (width 0.1))
    (fp_line (start 3.81 1.27) (end 3.81 -13.97) (layer B.Fab) (width 0.1))
    (fp_line (start 3.81 -13.97) (end -1.27 -13.97) (layer B.Fab) (width 0.1))
    (fp_line (start -1.27 -13.97) (end -1.27 0) (layer B.Fab) (width 0.1))
    (fp_line (start -1.27 0) (end 0 1.27) (layer B.Fab) (width 0.1))
    (fp_line (start -1.33 -14.03) (end 3.87 -14.03) (layer B.SilkS) (width 0.12))
    (fp_line (start -1.33 -1.27) (end -1.33 -14.03) (layer B.SilkS) (width 0.12))
    (fp_line (start 3.87 1.33) (end 3.87 -14.03) (layer B.SilkS) (width 0.12))
    (fp_line (start -1.33 -1.27) (end 1.27 -1.27) (layer B.SilkS) (width 0.12))
    (fp_line (start 1.27 -1.27) (end 1.27 1.33) (layer B.SilkS) (width 0.12))
    (fp_line (start 1.27 1.33) (end 3.87 1.33) (layer B.SilkS) (width 0.12))
    (fp_line (start -1.33 0) (end -1.33 1.33) (layer B.SilkS) (width 0.12))
    (fp_line (start -1.33 1.33) (end 0 1.33) (layer B.SilkS) (width 0.12))
    (fp_line (start -1.8 1.8) (end -1.8 -14.5) (layer B.CrtYd) (width 0.05))
    (fp_line (start -1.8 -14.5) (end 4.35 -14.5) (layer B.CrtYd) (width 0.05))
    (fp_line (start 4.35 -14.5) (end 4.35 1.8) (layer B.CrtYd) (width 0.05))
    (fp_line (start 4.35 1.8) (end -1.8 1.8) (layer B.CrtYd) (width 0.05))
    (fp_text user %R (at 1.27 -6.35 270) (layer B.Fab)
      (effects (font (size 1 1) (thickness 0.15)) (justify mirror))
    )
    (pad 1 thru_hole rect (at 0 0 180) (size 1.7 1.7) (drill 1) (layers *.Cu *.Mask)
      (net 1 "Net-(C1-Pad1)"))
    (pad 2 thru_hole oval (at 2.54 0 180) (size 1.7 1.7) (drill 1) (layers *.Cu *.Mask)
      (net 12 VCC))
    (pad 3 thru_hole oval (at 0 -2.54 180) (size 1.7 1.7) (drill 1) (layers *.Cu *.Mask)
      (net 3 "Net-(C2-Pad2)"))
    (pad 4 thru_hole oval (at 2.54 -2.54 180) (size 1.7 1.7) (drill 1) (layers *.Cu *.Mask)
      (net 12 VCC))
    (pad 5 thru_hole oval (at 0 -5.08 180) (size 1.7 1.7) (drill 1) (layers *.Cu *.Mask)
      (net 6 "Net-(C3-Pad2)"))
    (pad 6 thru_hole oval (at 2.54 -5.08 180) (size 1.7 1.7) (drill 1) (layers *.Cu *.Mask)
      (net 13 GND))
    (pad 7 thru_hole oval (at 0 -7.62 180) (size 1.7 1.7) (drill 1) (layers *.Cu *.Mask)
      (net 7 "Net-(C4-Pad2)"))
    (pad 8 thru_hole oval (at 2.54 -7.62 180) (size 1.7 1.7) (drill 1) (layers *.Cu *.Mask)
      (net 13 GND))
    (pad 9 thru_hole oval (at 0 -10.16 180) (size 1.7 1.7) (drill 1) (layers *.Cu *.Mask)
      (net 9 "Net-(J1-Pad9)"))
    (pad 10 thru_hole oval (at 2.54 -10.16 180) (size 1.7 1.7) (drill 1) (layers *.Cu *.Mask)
      (net 10 "Net-(J1-Pad10)"))
    (pad 11 thru_hole oval (at 0 -12.7 180) (size 1.7 1.7) (drill 1) (layers *.Cu *.Mask)
      (net 11 "Net-(J1-Pad11)"))
    (pad 12 thru_hole oval (at 2.54 -12.7 180) (size 1.7 1.7) (drill 1) (layers *.Cu *.Mask)
      (net 10 "Net-(J1-Pad10)"))
    (model ${KISYS3DMOD}/Connector_PinHeader_2.54mm.3dshapes/PinHeader_2x06_P2.54mm_Vertical.wrl
      (at (xyz 0 0 0))
      (scale (xyz 1 1 1))
      (rotate (xyz 0 0 0))
    )
  )

  (module Connector_PinHeader_2.54mm:PinHeader_2x06_P2.54mm_Vertical (layer F.Cu) (tedit 59FED5CC) (tstamp 6046EFE6)
    (at 106.68 120.65 180)
    (descr "Through hole straight pin header, 2x06, 2.54mm pitch, double rows")
    (tags "Through hole pin header THT 2x06 2.54mm double row")
    (path /6046EF8D)
    (fp_text reference J4 (at 1.27 -2.33) (layer F.SilkS)
      (effects (font (size 1 1) (thickness 0.15)))
    )
    (fp_text value "Female Sockets" (at 1.27 15.03) (layer F.Fab)
      (effects (font (size 1 1) (thickness 0.15)))
    )
    (fp_text user %R (at 3.81 -2.54 90) (layer F.Fab)
      (effects (font (size 1 1) (thickness 0.15)))
    )
    (fp_line (start 4.35 -1.8) (end -1.8 -1.8) (layer F.CrtYd) (width 0.05))
    (fp_line (start 4.35 14.5) (end 4.35 -1.8) (layer F.CrtYd) (width 0.05))
    (fp_line (start -1.8 14.5) (end 4.35 14.5) (layer F.CrtYd) (width 0.05))
    (fp_line (start -1.8 -1.8) (end -1.8 14.5) (layer F.CrtYd) (width 0.05))
    (fp_line (start -1.33 -1.33) (end 0 -1.33) (layer F.SilkS) (width 0.12))
    (fp_line (start -1.33 0) (end -1.33 -1.33) (layer F.SilkS) (width 0.12))
    (fp_line (start 1.27 -1.33) (end 3.87 -1.33) (layer F.SilkS) (width 0.12))
    (fp_line (start 1.27 1.27) (end 1.27 -1.33) (layer F.SilkS) (width 0.12))
    (fp_line (start -1.33 1.27) (end 1.27 1.27) (layer F.SilkS) (width 0.12))
    (fp_line (start 3.87 -1.33) (end 3.87 14.03) (layer F.SilkS) (width 0.12))
    (fp_line (start -1.33 1.27) (end -1.33 14.03) (layer F.SilkS) (width 0.12))
    (fp_line (start -1.33 14.03) (end 3.87 14.03) (layer F.SilkS) (width 0.12))
    (fp_line (start -1.27 0) (end 0 -1.27) (layer F.Fab) (width 0.1))
    (fp_line (start -1.27 13.97) (end -1.27 0) (layer F.Fab) (width 0.1))
    (fp_line (start 3.81 13.97) (end -1.27 13.97) (layer F.Fab) (width 0.1))
    (fp_line (start 3.81 -1.27) (end 3.81 13.97) (layer F.Fab) (width 0.1))
    (fp_line (start 0 -1.27) (end 3.81 -1.27) (layer F.Fab) (width 0.1))
    (pad 12 thru_hole oval (at 2.54 12.7 180) (size 1.7 1.7) (drill 1) (layers *.Cu *.Mask)
      (net 10 "Net-(J1-Pad10)"))
    (pad 11 thru_hole oval (at 0 12.7 180) (size 1.7 1.7) (drill 1) (layers *.Cu *.Mask)
      (net 11 "Net-(J1-Pad11)"))
    (pad 10 thru_hole oval (at 2.54 10.16 180) (size 1.7 1.7) (drill 1) (layers *.Cu *.Mask)
      (net 10 "Net-(J1-Pad10)"))
    (pad 9 thru_hole oval (at 0 10.16 180) (size 1.7 1.7) (drill 1) (layers *.Cu *.Mask)
      (net 9 "Net-(J1-Pad9)"))
    (pad 8 thru_hole oval (at 2.54 7.62 180) (size 1.7 1.7) (drill 1) (layers *.Cu *.Mask)
      (net 13 GND))
    (pad 7 thru_hole oval (at 0 7.62 180) (size 1.7 1.7) (drill 1) (layers *.Cu *.Mask)
      (net 8 "Net-(C4-Pad1)"))
    (pad 6 thru_hole oval (at 2.54 5.08 180) (size 1.7 1.7) (drill 1) (layers *.Cu *.Mask)
      (net 13 GND))
    (pad 5 thru_hole oval (at 0 5.08 180) (size 1.7 1.7) (drill 1) (layers *.Cu *.Mask)
      (net 5 "Net-(C3-Pad1)"))
    (pad 4 thru_hole oval (at 2.54 2.54 180) (size 1.7 1.7) (drill 1) (layers *.Cu *.Mask)
      (net 12 VCC))
    (pad 3 thru_hole oval (at 0 2.54 180) (size 1.7 1.7) (drill 1) (layers *.Cu *.Mask)
      (net 4 "Net-(C2-Pad1)"))
    (pad 2 thru_hole oval (at 2.54 0 180) (size 1.7 1.7) (drill 1) (layers *.Cu *.Mask)
      (net 12 VCC))
    (pad 1 thru_hole rect (at 0 0 180) (size 1.7 1.7) (drill 1) (layers *.Cu *.Mask)
      (net 2 "Net-(C1-Pad2)"))
    (model ${KISYS3DMOD}/Connector_PinHeader_2.54mm.3dshapes/PinHeader_2x06_P2.54mm_Vertical.wrl
      (at (xyz 0 0 0))
      (scale (xyz 1 1 1))
      (rotate (xyz 0 0 0))
    )
  )

  (module Resistor_SMD:R_0805_2012Metric (layer F.Cu) (tedit 5B36C52B) (tstamp 6046EFF7)
    (at 95.25 109.22)
    (descr "Resistor SMD 0805 (2012 Metric), square (rectangular) end terminal, IPC_7351 nominal, (Body size source: https://docs.google.com/spreadsheets/d/1BsfQQcO9C6DZCsRaXUlFlo91Tg2WpOkGARC1WS5S8t0/edit?usp=sharing), generated with kicad-footprint-generator")
    (tags resistor)
    (path /60480418)
    (attr smd)
    (fp_text reference R1 (at 3.81 0) (layer F.SilkS)
      (effects (font (size 1 1) (thickness 0.15)))
    )
    (fp_text value 10k0 (at 1.27 -2.54) (layer F.Fab)
      (effects (font (size 1 1) (thickness 0.15)))
    )
    (fp_line (start -1 0.6) (end -1 -0.6) (layer F.Fab) (width 0.1))
    (fp_line (start -1 -0.6) (end 1 -0.6) (layer F.Fab) (width 0.1))
    (fp_line (start 1 -0.6) (end 1 0.6) (layer F.Fab) (width 0.1))
    (fp_line (start 1 0.6) (end -1 0.6) (layer F.Fab) (width 0.1))
    (fp_line (start -0.258578 -0.71) (end 0.258578 -0.71) (layer F.SilkS) (width 0.12))
    (fp_line (start -0.258578 0.71) (end 0.258578 0.71) (layer F.SilkS) (width 0.12))
    (fp_line (start -1.68 0.95) (end -1.68 -0.95) (layer F.CrtYd) (width 0.05))
    (fp_line (start -1.68 -0.95) (end 1.68 -0.95) (layer F.CrtYd) (width 0.05))
    (fp_line (start 1.68 -0.95) (end 1.68 0.95) (layer F.CrtYd) (width 0.05))
    (fp_line (start 1.68 0.95) (end -1.68 0.95) (layer F.CrtYd) (width 0.05))
    (fp_text user %R (at 0 0) (layer F.Fab)
      (effects (font (size 0.5 0.5) (thickness 0.08)))
    )
    (pad 1 smd roundrect (at -0.9375 0) (size 0.975 1.4) (layers F.Cu F.Paste F.Mask) (roundrect_rratio 0.25)
      (net 8 "Net-(C4-Pad1)"))
    (pad 2 smd roundrect (at 0.9375 0) (size 0.975 1.4) (layers F.Cu F.Paste F.Mask) (roundrect_rratio 0.25)
      (net 13 GND))
    (model ${KISYS3DMOD}/Resistor_SMD.3dshapes/R_0805_2012Metric.wrl
      (at (xyz 0 0 0))
      (scale (xyz 1 1 1))
      (rotate (xyz 0 0 0))
    )
  )

  (module Resistor_SMD:R_0805_2012Metric (layer F.Cu) (tedit 5B36C52B) (tstamp 6046EF2B)
    (at 91.44 120.65)
    (descr "Resistor SMD 0805 (2012 Metric), square (rectangular) end terminal, IPC_7351 nominal, (Body size source: https://docs.google.com/spreadsheets/d/1BsfQQcO9C6DZCsRaXUlFlo91Tg2WpOkGARC1WS5S8t0/edit?usp=sharing), generated with kicad-footprint-generator")
    (tags resistor)
    (path /60474937)
    (attr smd)
    (fp_text reference C1 (at -3.81 -11.43) (layer F.SilkS)
      (effects (font (size 1 1) (thickness 0.15)))
    )
    (fp_text value 0u01F (at 0 1.65) (layer F.Fab)
      (effects (font (size 1 1) (thickness 0.15)))
    )
    (fp_line (start -1 0.6) (end -1 -0.6) (layer F.Fab) (width 0.1))
    (fp_line (start -1 -0.6) (end 1 -0.6) (layer F.Fab) (width 0.1))
    (fp_line (start 1 -0.6) (end 1 0.6) (layer F.Fab) (width 0.1))
    (fp_line (start 1 0.6) (end -1 0.6) (layer F.Fab) (width 0.1))
    (fp_line (start -0.258578 -0.71) (end 0.258578 -0.71) (layer F.SilkS) (width 0.12))
    (fp_line (start -0.258578 0.71) (end 0.258578 0.71) (layer F.SilkS) (width 0.12))
    (fp_line (start -1.68 0.95) (end -1.68 -0.95) (layer F.CrtYd) (width 0.05))
    (fp_line (start -1.68 -0.95) (end 1.68 -0.95) (layer F.CrtYd) (width 0.05))
    (fp_line (start 1.68 -0.95) (end 1.68 0.95) (layer F.CrtYd) (width 0.05))
    (fp_line (start 1.68 0.95) (end -1.68 0.95) (layer F.CrtYd) (width 0.05))
    (fp_text user %R (at 0 0) (layer F.Fab)
      (effects (font (size 0.5 0.5) (thickness 0.08)))
    )
    (pad 1 smd roundrect (at -0.9375 0) (size 0.975 1.4) (layers F.Cu F.Paste F.Mask) (roundrect_rratio 0.25)
      (net 1 "Net-(C1-Pad1)"))
    (pad 2 smd roundrect (at 0.9375 0) (size 0.975 1.4) (layers F.Cu F.Paste F.Mask) (roundrect_rratio 0.25)
      (net 2 "Net-(C1-Pad2)"))
    (model ${KISYS3DMOD}/Resistor_SMD.3dshapes/R_0805_2012Metric.wrl
      (at (xyz 0 0 0))
      (scale (xyz 1 1 1))
      (rotate (xyz 0 0 0))
    )
  )

  (module Resistor_SMD:R_0805_2012Metric (layer F.Cu) (tedit 5B36C52B) (tstamp 6046EF3C)
    (at 91.44 116.84 180)
    (descr "Resistor SMD 0805 (2012 Metric), square (rectangular) end terminal, IPC_7351 nominal, (Body size source: https://docs.google.com/spreadsheets/d/1BsfQQcO9C6DZCsRaXUlFlo91Tg2WpOkGARC1WS5S8t0/edit?usp=sharing), generated with kicad-footprint-generator")
    (tags resistor)
    (path /60474B13)
    (attr smd)
    (fp_text reference C2 (at 3.81 3.81) (layer F.SilkS)
      (effects (font (size 1 1) (thickness 0.15)))
    )
    (fp_text value 0u01F (at 1.27 -1.27) (layer F.Fab)
      (effects (font (size 1 1) (thickness 0.15)))
    )
    (fp_text user %R (at 0 0) (layer F.Fab)
      (effects (font (size 0.5 0.5) (thickness 0.08)))
    )
    (fp_line (start 1.68 0.95) (end -1.68 0.95) (layer F.CrtYd) (width 0.05))
    (fp_line (start 1.68 -0.95) (end 1.68 0.95) (layer F.CrtYd) (width 0.05))
    (fp_line (start -1.68 -0.95) (end 1.68 -0.95) (layer F.CrtYd) (width 0.05))
    (fp_line (start -1.68 0.95) (end -1.68 -0.95) (layer F.CrtYd) (width 0.05))
    (fp_line (start -0.258578 0.71) (end 0.258578 0.71) (layer F.SilkS) (width 0.12))
    (fp_line (start -0.258578 -0.71) (end 0.258578 -0.71) (layer F.SilkS) (width 0.12))
    (fp_line (start 1 0.6) (end -1 0.6) (layer F.Fab) (width 0.1))
    (fp_line (start 1 -0.6) (end 1 0.6) (layer F.Fab) (width 0.1))
    (fp_line (start -1 -0.6) (end 1 -0.6) (layer F.Fab) (width 0.1))
    (fp_line (start -1 0.6) (end -1 -0.6) (layer F.Fab) (width 0.1))
    (pad 2 smd roundrect (at 0.9375 0 180) (size 0.975 1.4) (layers F.Cu F.Paste F.Mask) (roundrect_rratio 0.25)
      (net 3 "Net-(C2-Pad2)"))
    (pad 1 smd roundrect (at -0.9375 0 180) (size 0.975 1.4) (layers F.Cu F.Paste F.Mask) (roundrect_rratio 0.25)
      (net 4 "Net-(C2-Pad1)"))
    (model ${KISYS3DMOD}/Resistor_SMD.3dshapes/R_0805_2012Metric.wrl
      (at (xyz 0 0 0))
      (scale (xyz 1 1 1))
      (rotate (xyz 0 0 0))
    )
  )

  (module Resistor_SMD:R_0805_2012Metric (layer F.Cu) (tedit 5B36C52B) (tstamp 6046EF4D)
    (at 91.44 113.03 180)
    (descr "Resistor SMD 0805 (2012 Metric), square (rectangular) end terminal, IPC_7351 nominal, (Body size source: https://docs.google.com/spreadsheets/d/1BsfQQcO9C6DZCsRaXUlFlo91Tg2WpOkGARC1WS5S8t0/edit?usp=sharing), generated with kicad-footprint-generator")
    (tags resistor)
    (path /60475000)
    (attr smd)
    (fp_text reference C3 (at 3.81 -3.81 180) (layer F.SilkS)
      (effects (font (size 1 1) (thickness 0.15)))
    )
    (fp_text value 0u01F (at 1.27 1.65) (layer F.Fab)
      (effects (font (size 1 1) (thickness 0.15)))
    )
    (fp_line (start -1 0.6) (end -1 -0.6) (layer F.Fab) (width 0.1))
    (fp_line (start -1 -0.6) (end 1 -0.6) (layer F.Fab) (width 0.1))
    (fp_line (start 1 -0.6) (end 1 0.6) (layer F.Fab) (width 0.1))
    (fp_line (start 1 0.6) (end -1 0.6) (layer F.Fab) (width 0.1))
    (fp_line (start -0.258578 -0.71) (end 0.258578 -0.71) (layer F.SilkS) (width 0.12))
    (fp_line (start -0.258578 0.71) (end 0.258578 0.71) (layer F.SilkS) (width 0.12))
    (fp_line (start -1.68 0.95) (end -1.68 -0.95) (layer F.CrtYd) (width 0.05))
    (fp_line (start -1.68 -0.95) (end 1.68 -0.95) (layer F.CrtYd) (width 0.05))
    (fp_line (start 1.68 -0.95) (end 1.68 0.95) (layer F.CrtYd) (width 0.05))
    (fp_line (start 1.68 0.95) (end -1.68 0.95) (layer F.CrtYd) (width 0.05))
    (fp_text user %R (at 0 0) (layer F.Fab)
      (effects (font (size 0.5 0.5) (thickness 0.08)))
    )
    (pad 1 smd roundrect (at -0.9375 0 180) (size 0.975 1.4) (layers F.Cu F.Paste F.Mask) (roundrect_rratio 0.25)
      (net 5 "Net-(C3-Pad1)"))
    (pad 2 smd roundrect (at 0.9375 0 180) (size 0.975 1.4) (layers F.Cu F.Paste F.Mask) (roundrect_rratio 0.25)
      (net 6 "Net-(C3-Pad2)"))
    (model ${KISYS3DMOD}/Resistor_SMD.3dshapes/R_0805_2012Metric.wrl
      (at (xyz 0 0 0))
      (scale (xyz 1 1 1))
      (rotate (xyz 0 0 0))
    )
  )

  (module Resistor_SMD:R_0805_2012Metric (layer F.Cu) (tedit 5B36C52B) (tstamp 6046EF5E)
    (at 91.44 109.22 180)
    (descr "Resistor SMD 0805 (2012 Metric), square (rectangular) end terminal, IPC_7351 nominal, (Body size source: https://docs.google.com/spreadsheets/d/1BsfQQcO9C6DZCsRaXUlFlo91Tg2WpOkGARC1WS5S8t0/edit?usp=sharing), generated with kicad-footprint-generator")
    (tags resistor)
    (path /604754FE)
    (attr smd)
    (fp_text reference C4 (at 3.81 -11.43) (layer F.SilkS)
      (effects (font (size 1 1) (thickness 0.15)))
    )
    (fp_text value 0u01F (at 0 2.54) (layer F.Fab)
      (effects (font (size 1 1) (thickness 0.15)))
    )
    (fp_text user %R (at 0 0) (layer F.Fab)
      (effects (font (size 0.5 0.5) (thickness 0.08)))
    )
    (fp_line (start 1.68 0.95) (end -1.68 0.95) (layer F.CrtYd) (width 0.05))
    (fp_line (start 1.68 -0.95) (end 1.68 0.95) (layer F.CrtYd) (width 0.05))
    (fp_line (start -1.68 -0.95) (end 1.68 -0.95) (layer F.CrtYd) (width 0.05))
    (fp_line (start -1.68 0.95) (end -1.68 -0.95) (layer F.CrtYd) (width 0.05))
    (fp_line (start -0.258578 0.71) (end 0.258578 0.71) (layer F.SilkS) (width 0.12))
    (fp_line (start -0.258578 -0.71) (end 0.258578 -0.71) (layer F.SilkS) (width 0.12))
    (fp_line (start 1 0.6) (end -1 0.6) (layer F.Fab) (width 0.1))
    (fp_line (start 1 -0.6) (end 1 0.6) (layer F.Fab) (width 0.1))
    (fp_line (start -1 -0.6) (end 1 -0.6) (layer F.Fab) (width 0.1))
    (fp_line (start -1 0.6) (end -1 -0.6) (layer F.Fab) (width 0.1))
    (pad 2 smd roundrect (at 0.9375 0 180) (size 0.975 1.4) (layers F.Cu F.Paste F.Mask) (roundrect_rratio 0.25)
      (net 7 "Net-(C4-Pad2)"))
    (pad 1 smd roundrect (at -0.9375 0 180) (size 0.975 1.4) (layers F.Cu F.Paste F.Mask) (roundrect_rratio 0.25)
      (net 8 "Net-(C4-Pad1)"))
    (model ${KISYS3DMOD}/Resistor_SMD.3dshapes/R_0805_2012Metric.wrl
      (at (xyz 0 0 0))
      (scale (xyz 1 1 1))
      (rotate (xyz 0 0 0))
    )
  )

  (module Resistor_SMD:R_0805_2012Metric (layer F.Cu) (tedit 5B36C52B) (tstamp 6046F008)
    (at 95.25 113.03)
    (descr "Resistor SMD 0805 (2012 Metric), square (rectangular) end terminal, IPC_7351 nominal, (Body size source: https://docs.google.com/spreadsheets/d/1BsfQQcO9C6DZCsRaXUlFlo91Tg2WpOkGARC1WS5S8t0/edit?usp=sharing), generated with kicad-footprint-generator")
    (tags resistor)
    (path /60481091)
    (attr smd)
    (fp_text reference R2 (at 3.81 0) (layer F.SilkS)
      (effects (font (size 1 1) (thickness 0.15)))
    )
    (fp_text value 10k0 (at 0 -3.76) (layer F.Fab)
      (effects (font (size 1 1) (thickness 0.15)))
    )
    (fp_text user %R (at 0 0) (layer F.Fab)
      (effects (font (size 0.5 0.5) (thickness 0.08)))
    )
    (fp_line (start 1.68 0.95) (end -1.68 0.95) (layer F.CrtYd) (width 0.05))
    (fp_line (start 1.68 -0.95) (end 1.68 0.95) (layer F.CrtYd) (width 0.05))
    (fp_line (start -1.68 -0.95) (end 1.68 -0.95) (layer F.CrtYd) (width 0.05))
    (fp_line (start -1.68 0.95) (end -1.68 -0.95) (layer F.CrtYd) (width 0.05))
    (fp_line (start -0.258578 0.71) (end 0.258578 0.71) (layer F.SilkS) (width 0.12))
    (fp_line (start -0.258578 -0.71) (end 0.258578 -0.71) (layer F.SilkS) (width 0.12))
    (fp_line (start 1 0.6) (end -1 0.6) (layer F.Fab) (width 0.1))
    (fp_line (start 1 -0.6) (end 1 0.6) (layer F.Fab) (width 0.1))
    (fp_line (start -1 -0.6) (end 1 -0.6) (layer F.Fab) (width 0.1))
    (fp_line (start -1 0.6) (end -1 -0.6) (layer F.Fab) (width 0.1))
    (pad 2 smd roundrect (at 0.9375 0) (size 0.975 1.4) (layers F.Cu F.Paste F.Mask) (roundrect_rratio 0.25)
      (net 13 GND))
    (pad 1 smd roundrect (at -0.9375 0) (size 0.975 1.4) (layers F.Cu F.Paste F.Mask) (roundrect_rratio 0.25)
      (net 5 "Net-(C3-Pad1)"))
    (model ${KISYS3DMOD}/Resistor_SMD.3dshapes/R_0805_2012Metric.wrl
      (at (xyz 0 0 0))
      (scale (xyz 1 1 1))
      (rotate (xyz 0 0 0))
    )
  )

  (module Resistor_SMD:R_0805_2012Metric (layer F.Cu) (tedit 5B36C52B) (tstamp 6046F019)
    (at 95.25 116.84)
    (descr "Resistor SMD 0805 (2012 Metric), square (rectangular) end terminal, IPC_7351 nominal, (Body size source: https://docs.google.com/spreadsheets/d/1BsfQQcO9C6DZCsRaXUlFlo91Tg2WpOkGARC1WS5S8t0/edit?usp=sharing), generated with kicad-footprint-generator")
    (tags resistor)
    (path /60481AC8)
    (attr smd)
    (fp_text reference R3 (at 3.81 0) (layer F.SilkS)
      (effects (font (size 1 1) (thickness 0.15)))
    )
    (fp_text value 10k0 (at 0 1.27) (layer F.Fab)
      (effects (font (size 1 1) (thickness 0.15)))
    )
    (fp_line (start -1 0.6) (end -1 -0.6) (layer F.Fab) (width 0.1))
    (fp_line (start -1 -0.6) (end 1 -0.6) (layer F.Fab) (width 0.1))
    (fp_line (start 1 -0.6) (end 1 0.6) (layer F.Fab) (width 0.1))
    (fp_line (start 1 0.6) (end -1 0.6) (layer F.Fab) (width 0.1))
    (fp_line (start -0.258578 -0.71) (end 0.258578 -0.71) (layer F.SilkS) (width 0.12))
    (fp_line (start -0.258578 0.71) (end 0.258578 0.71) (layer F.SilkS) (width 0.12))
    (fp_line (start -1.68 0.95) (end -1.68 -0.95) (layer F.CrtYd) (width 0.05))
    (fp_line (start -1.68 -0.95) (end 1.68 -0.95) (layer F.CrtYd) (width 0.05))
    (fp_line (start 1.68 -0.95) (end 1.68 0.95) (layer F.CrtYd) (width 0.05))
    (fp_line (start 1.68 0.95) (end -1.68 0.95) (layer F.CrtYd) (width 0.05))
    (fp_text user %R (at 0 0) (layer F.Fab)
      (effects (font (size 0.5 0.5) (thickness 0.08)))
    )
    (pad 1 smd roundrect (at -0.9375 0) (size 0.975 1.4) (layers F.Cu F.Paste F.Mask) (roundrect_rratio 0.25)
      (net 4 "Net-(C2-Pad1)"))
    (pad 2 smd roundrect (at 0.9375 0) (size 0.975 1.4) (layers F.Cu F.Paste F.Mask) (roundrect_rratio 0.25)
      (net 13 GND))
    (model ${KISYS3DMOD}/Resistor_SMD.3dshapes/R_0805_2012Metric.wrl
      (at (xyz 0 0 0))
      (scale (xyz 1 1 1))
      (rotate (xyz 0 0 0))
    )
  )

  (module Resistor_SMD:R_0805_2012Metric (layer F.Cu) (tedit 5B36C52B) (tstamp 6046F02A)
    (at 95.25 120.65)
    (descr "Resistor SMD 0805 (2012 Metric), square (rectangular) end terminal, IPC_7351 nominal, (Body size source: https://docs.google.com/spreadsheets/d/1BsfQQcO9C6DZCsRaXUlFlo91Tg2WpOkGARC1WS5S8t0/edit?usp=sharing), generated with kicad-footprint-generator")
    (tags resistor)
    (path /60482458)
    (attr smd)
    (fp_text reference R4 (at 3.81 0) (layer F.SilkS)
      (effects (font (size 1 1) (thickness 0.15)))
    )
    (fp_text value 10k0 (at 0 1.65) (layer F.Fab)
      (effects (font (size 1 1) (thickness 0.15)))
    )
    (fp_text user %R (at 0 0) (layer F.Fab)
      (effects (font (size 0.5 0.5) (thickness 0.08)))
    )
    (fp_line (start 1.68 0.95) (end -1.68 0.95) (layer F.CrtYd) (width 0.05))
    (fp_line (start 1.68 -0.95) (end 1.68 0.95) (layer F.CrtYd) (width 0.05))
    (fp_line (start -1.68 -0.95) (end 1.68 -0.95) (layer F.CrtYd) (width 0.05))
    (fp_line (start -1.68 0.95) (end -1.68 -0.95) (layer F.CrtYd) (width 0.05))
    (fp_line (start -0.258578 0.71) (end 0.258578 0.71) (layer F.SilkS) (width 0.12))
    (fp_line (start -0.258578 -0.71) (end 0.258578 -0.71) (layer F.SilkS) (width 0.12))
    (fp_line (start 1 0.6) (end -1 0.6) (layer F.Fab) (width 0.1))
    (fp_line (start 1 -0.6) (end 1 0.6) (layer F.Fab) (width 0.1))
    (fp_line (start -1 -0.6) (end 1 -0.6) (layer F.Fab) (width 0.1))
    (fp_line (start -1 0.6) (end -1 -0.6) (layer F.Fab) (width 0.1))
    (pad 2 smd roundrect (at 0.9375 0) (size 0.975 1.4) (layers F.Cu F.Paste F.Mask) (roundrect_rratio 0.25)
      (net 13 GND))
    (pad 1 smd roundrect (at -0.9375 0) (size 0.975 1.4) (layers F.Cu F.Paste F.Mask) (roundrect_rratio 0.25)
      (net 2 "Net-(C1-Pad2)"))
    (model ${KISYS3DMOD}/Resistor_SMD.3dshapes/R_0805_2012Metric.wrl
      (at (xyz 0 0 0))
      (scale (xyz 1 1 1))
      (rotate (xyz 0 0 0))
    )
  )

  (gr_line (start 78.74 124.46) (end 80.01 124.46) (layer Edge.Cuts) (width 0.05) (tstamp 60497AA3))
  (gr_line (start 78.74 104.14) (end 78.74 124.46) (layer Edge.Cuts) (width 0.05))
  (gr_line (start 80.01 104.14) (end 78.74 104.14) (layer Edge.Cuts) (width 0.05))
  (gr_line (start 80.01 124.46) (end 110.49 124.46) (layer Edge.Cuts) (width 0.05) (tstamp 6049744B))
  (gr_line (start 110.49 104.14) (end 80.01 104.14) (layer Edge.Cuts) (width 0.05) (tstamp 6049744A))
  (gr_line (start 110.49 104.14) (end 110.49 124.46) (layer Edge.Cuts) (width 0.05))

  (segment (start 88.9 120.65) (end 88.9 120.65) (width 0.25) (layer F.Cu) (net 1) (tstamp 605556F3))
  (segment (start 87.63 118.11) (end 87.63 118.11) (width 0.25) (layer F.Cu) (net 1) (tstamp 60565A16))
  (segment (start 83.914999 108.025001) (end 83.99 107.95) (width 0.25) (layer F.Cu) (net 1))
  (segment (start 86.265001 116.745001) (end 84.525999 116.745001) (width 0.25) (layer F.Cu) (net 1))
  (segment (start 88.9 119.38) (end 86.265001 116.745001) (width 0.25) (layer F.Cu) (net 1))
  (segment (start 83.99 107.95) (end 85.09 107.95) (width 0.25) (layer F.Cu) (net 1))
  (segment (start 84.525999 116.745001) (end 83.914999 116.134001) (width 0.25) (layer F.Cu) (net 1))
  (segment (start 88.9 120.65) (end 88.9 119.38) (width 0.25) (layer F.Cu) (net 1))
  (segment (start 83.914999 116.134001) (end 83.914999 108.025001) (width 0.25) (layer F.Cu) (net 1))
  (segment (start 90.5025 120.65) (end 88.9 120.65) (width 0.25) (layer F.Cu) (net 1))
  (segment (start 92.3775 120.65) (end 94.3125 120.65) (width 0.25) (layer F.Cu) (net 2))
  (segment (start 106.68 119.55) (end 106.604999 119.474999) (width 0.25) (layer B.Cu) (net 2))
  (segment (start 94.3125 120.65) (end 94.3125 121.5875) (width 0.25) (layer F.Cu) (net 2))
  (segment (start 94.3125 121.5875) (end 94.645 121.92) (width 0.25) (layer F.Cu) (net 2))
  (segment (start 94.645 121.92) (end 95.25 121.92) (width 0.25) (layer F.Cu) (net 2))
  (segment (start 97.68674 121.92) (end 100.22674 119.38) (width 0.25) (layer F.Cu) (net 2))
  (segment (start 95.25 121.92) (end 97.68674 121.92) (width 0.25) (layer F.Cu) (net 2))
  (segment (start 100.22674 119.38) (end 101.6 119.38) (width 0.25) (layer F.Cu) (net 2))
  (segment (start 101.6 119.38) (end 101.6 119.38) (width 0.25) (layer F.Cu) (net 2) (tstamp 60569790))
  (via (at 101.6 119.38) (size 0.8) (drill 0.4) (layers F.Cu B.Cu) (net 2))
  (segment (start 106.51 119.38) (end 102.165685 119.38) (width 0.25) (layer B.Cu) (net 2))
  (segment (start 106.68 119.55) (end 106.51 119.38) (width 0.25) (layer B.Cu) (net 2))
  (segment (start 102.165685 119.38) (end 101.6 119.38) (width 0.25) (layer B.Cu) (net 2))
  (segment (start 106.68 120.65) (end 106.68 119.55) (width 0.25) (layer B.Cu) (net 2))
  (segment (start 85.09 110.49) (end 87.63 113.03) (width 0.25) (layer F.Cu) (net 3))
  (segment (start 87.63 115.57) (end 88.9 116.84) (width 0.25) (layer F.Cu) (net 3))
  (segment (start 88.9 116.84) (end 90.5025 116.84) (width 0.25) (layer F.Cu) (net 3))
  (segment (start 87.63 113.03) (end 87.63 115.57) (width 0.25) (layer F.Cu) (net 3))
  (segment (start 92.3775 116.84) (end 94.3125 116.84) (width 0.25) (layer F.Cu) (net 4))
  (segment (start 106.68 118.11) (end 105.41 116.84) (width 0.25) (layer F.Cu) (net 4))
  (segment (start 105.41 116.84) (end 100.33 116.84) (width 0.25) (layer F.Cu) (net 4))
  (segment (start 100.33 116.84) (end 99.06 115.57) (width 0.25) (layer F.Cu) (net 4))
  (segment (start 95.5825 115.57) (end 94.3125 116.84) (width 0.25) (layer F.Cu) (net 4))
  (segment (start 99.06 115.57) (end 95.5825 115.57) (width 0.25) (layer F.Cu) (net 4))
  (segment (start 92.3775 113.03) (end 94.3125 113.03) (width 0.25) (layer F.Cu) (net 5))
  (segment (start 105.504999 114.394999) (end 105.830001 114.720001) (width 0.25) (layer F.Cu) (net 5))
  (segment (start 105.830001 114.720001) (end 106.68 115.57) (width 0.25) (layer F.Cu) (net 5))
  (segment (start 95.677499 114.394999) (end 105.504999 114.394999) (width 0.25) (layer F.Cu) (net 5))
  (segment (start 94.3125 113.03) (end 95.677499 114.394999) (width 0.25) (layer F.Cu) (net 5))
  (segment (start 86.36 113.03) (end 85.09 113.03) (width 0.25) (layer F.Cu) (net 6))
  (segment (start 86.36 114.93641) (end 86.36 113.03) (width 0.25) (layer F.Cu) (net 6))
  (segment (start 89.2886 117.86501) (end 86.36 114.93641) (width 0.25) (layer F.Cu) (net 6))
  (segment (start 90.98184 117.86501) (end 89.2886 117.86501) (width 0.25) (layer F.Cu) (net 6))
  (segment (start 91.44 117.40685) (end 90.98184 117.86501) (width 0.25) (layer F.Cu) (net 6))
  (segment (start 91.44 113.9675) (end 91.44 117.40685) (width 0.25) (layer F.Cu) (net 6))
  (segment (start 90.5025 113.03) (end 91.44 113.9675) (width 0.25) (layer F.Cu) (net 6))
  (segment (start 90.5025 109.22) (end 88.9 109.22) (width 0.25) (layer F.Cu) (net 7))
  (segment (start 88.9 109.22) (end 88.9 109.22) (width 0.25) (layer F.Cu) (net 7) (tstamp 605654DA))
  (segment (start 85.09 115.57) (end 88.9 111.76) (width 0.25) (layer B.Cu) (net 7))
  (segment (start 88.9 111.76) (end 88.9 109.22) (width 0.25) (layer B.Cu) (net 7))
  (segment (start 88.9 109.22) (end 88.9 109.22) (width 0.25) (layer B.Cu) (net 7) (tstamp 60569919))
  (via (at 88.9 109.22) (size 0.8) (drill 0.4) (layers F.Cu B.Cu) (net 7))
  (segment (start 92.3775 109.22) (end 94.3125 109.22) (width 0.25) (layer F.Cu) (net 8))
  (segment (start 105.315001 111.665001) (end 105.830001 112.180001) (width 0.25) (layer F.Cu) (net 8))
  (segment (start 105.830001 112.180001) (end 106.68 113.03) (width 0.25) (layer F.Cu) (net 8))
  (segment (start 96.757501 111.665001) (end 105.315001 111.665001) (width 0.25) (layer F.Cu) (net 8))
  (segment (start 94.3125 109.22) (end 96.757501 111.665001) (width 0.25) (layer F.Cu) (net 8))
  (segment (start 84.289002 118.11) (end 85.09 118.11) (width 0.25) (layer F.Cu) (net 9))
  (segment (start 87.63 120.65) (end 85.09 118.11) (width 0.25) (layer F.Cu) (net 9))
  (segment (start 87.63 120.65) (end 87.63 120.65) (width 0.25) (layer B.Cu) (net 9) (tstamp 60569693))
  (via (at 87.63 120.65) (size 0.8) (drill 0.4) (layers F.Cu B.Cu) (net 9))
  (segment (start 99.2464 118.56001) (end 89.71999 118.56001) (width 0.25) (layer B.Cu) (net 9))
  (segment (start 89.71999 118.56001) (end 87.63 120.65) (width 0.25) (layer B.Cu) (net 9))
  (segment (start 100.780009 117.026401) (end 99.2464 118.56001) (width 0.25) (layer B.Cu) (net 9))
  (segment (start 100.78001 112.57999) (end 100.780009 117.026401) (width 0.25) (layer B.Cu) (net 9))
  (segment (start 101.6 111.76) (end 100.78001 112.57999) (width 0.25) (layer B.Cu) (net 9))
  (segment (start 105.41 111.76) (end 101.6 111.76) (width 0.25) (layer B.Cu) (net 9))
  (segment (start 106.68 110.49) (end 105.41 111.76) (width 0.25) (layer B.Cu) (net 9))
  (segment (start 104.14 107.95) (end 104.14 110.49) (width 1) (layer B.Cu) (net 10))
  (segment (start 82.55 118.11) (end 82.55 120.65) (width 0.5) (layer B.Cu) (net 10))
  (segment (start 104.14 107.95) (end 101.6 105.41) (width 0.5) (layer B.Cu) (net 10))
  (segment (start 101.6 105.41) (end 86.36 105.41) (width 0.5) (layer B.Cu) (net 10))
  (segment (start 83.82 105.41) (end 80.01 105.41) (width 0.5) (layer B.Cu) (net 10))
  (segment (start 86.36 105.41) (end 83.82 105.41) (width 0.5) (layer B.Cu) (net 10))
  (segment (start 83.82 105.41) (end 83.350998 105.41) (width 0.25) (layer B.Cu) (net 10))
  (segment (start 80.01 105.41) (end 80.01 115.57) (width 0.5) (layer B.Cu) (net 10))
  (segment (start 82.55 118.11) (end 80.01 118.11) (width 0.5) (layer B.Cu) (net 10))
  (segment (start 80.01 118.11) (end 80.01 115.57) (width 0.5) (layer B.Cu) (net 10))
  (segment (start 106.68 107.95) (end 105.41 109.22) (width 0.25) (layer F.Cu) (net 11))
  (segment (start 105.41 109.22) (end 100.33 109.22) (width 0.25) (layer F.Cu) (net 11))
  (segment (start 100.33 109.22) (end 100.33 109.22) (width 0.25) (layer F.Cu) (net 11) (tstamp 6056585F))
  (via (at 100.33 109.22) (size 0.8) (drill 0.4) (layers F.Cu B.Cu) (net 11))
  (segment (start 85.09 120.65) (end 86.36 119.38) (width 0.25) (layer B.Cu) (net 11))
  (segment (start 86.36 119.38) (end 87.63 119.38) (width 0.25) (layer B.Cu) (net 11))
  (segment (start 87.63 119.38) (end 88.9 118.11) (width 0.25) (layer B.Cu) (net 11))
  (segment (start 100.33 109.22) (end 100.33 116.84) (width 0.25) (layer B.Cu) (net 11))
  (segment (start 100.33 116.84) (end 99.06 118.11) (width 0.25) (layer B.Cu) (net 11))
  (segment (start 99.06 118.11) (end 88.9 118.11) (width 0.25) (layer B.Cu) (net 11))
  (segment (start 104.14 120.65) (end 104.14 118.11) (width 0.25) (layer F.Cu) (net 12))
  (segment (start 82.55 110.49) (end 82.55 107.95) (width 0.25) (layer F.Cu) (net 12))
  (segment (start 104.14 118.11) (end 105.41 119.38) (width 0.25) (layer F.Cu) (net 12))
  (segment (start 107.149002 119.38) (end 109.22 117.309002) (width 0.25) (layer F.Cu) (net 12))
  (segment (start 105.41 119.38) (end 107.149002 119.38) (width 0.25) (layer F.Cu) (net 12))
  (segment (start 109.22 117.309002) (end 109.22 105.41) (width 0.25) (layer F.Cu) (net 12))
  (segment (start 109.22 105.41) (end 82.55 105.41) (width 0.25) (layer F.Cu) (net 12))
  (segment (start 82.55 105.41) (end 82.55 107.95) (width 0.25) (layer F.Cu) (net 12))
  (segment (start 96.1875 109.22) (end 97.79 109.22) (width 0.25) (layer F.Cu) (net 13))
  (segment (start 96.1875 113.03) (end 97.79 113.03) (width 0.25) (layer F.Cu) (net 13))
  (segment (start 96.1875 116.84) (end 97.79 116.84) (width 0.25) (layer F.Cu) (net 13))
  (segment (start 96.1875 120.65) (end 97.79 120.65) (width 0.25) (layer F.Cu) (net 13))
  (segment (start 97.79 109.22) (end 97.79 109.22) (width 0.25) (layer F.Cu) (net 13) (tstamp 6056537B))
  (via (at 97.79 109.22) (size 0.8) (drill 0.4) (layers F.Cu B.Cu) (net 13))
  (segment (start 97.79 113.03) (end 97.79 113.03) (width 0.25) (layer F.Cu) (net 13) (tstamp 6056537D))
  (via (at 97.79 113.03) (size 0.8) (drill 0.4) (layers F.Cu B.Cu) (net 13))
  (segment (start 97.79 116.84) (end 97.79 116.84) (width 0.25) (layer F.Cu) (net 13) (tstamp 6056537F))
  (via (at 97.79 116.84) (size 0.8) (drill 0.4) (layers F.Cu B.Cu) (net 13))
  (segment (start 97.79 120.65) (end 97.79 120.65) (width 0.25) (layer F.Cu) (net 13) (tstamp 60565381))
  (via (at 97.79 120.65) (size 0.8) (drill 0.4) (layers F.Cu B.Cu) (net 13))
  (segment (start 104.14 113.03) (end 97.79 113.03) (width 1) (layer F.Cu) (net 13))
  (segment (start 82.55 115.57) (end 83.82 116.84) (width 0.25) (layer B.Cu) (net 13))
  (segment (start 83.82 116.84) (end 87.63 116.84) (width 0.25) (layer B.Cu) (net 13))
  (segment (start 82.55 113.03) (end 82.55 115.57) (width 0.25) (layer B.Cu) (net 13))
  (segment (start 104.14 113.03) (end 104.14 115.57) (width 0.25) (layer B.Cu) (net 13))

  (zone (net 12) (net_name VCC) (layer F.Cu) (tstamp 60569A6A) (hatch edge 0.508)
    (connect_pads (clearance 0.508))
    (min_thickness 0.254)
    (fill yes (arc_segments 32) (thermal_gap 0.508) (thermal_bridge_width 0.508))
    (polygon
      (pts
        (xy 109.22 123.19) (xy 80.01 123.19) (xy 80.01 105.41) (xy 109.22 105.41)
      )
    )
    (filled_polygon
      (pts
        (xy 109.093 123.063) (xy 80.137 123.063) (xy 80.137 112.88374) (xy 81.065 112.88374) (xy 81.065 113.17626)
        (xy 81.122068 113.463158) (xy 81.23401 113.733411) (xy 81.396525 113.976632) (xy 81.603368 114.183475) (xy 81.77776 114.3)
        (xy 81.603368 114.416525) (xy 81.396525 114.623368) (xy 81.23401 114.866589) (xy 81.122068 115.136842) (xy 81.065 115.42374)
        (xy 81.065 115.71626) (xy 81.122068 116.003158) (xy 81.23401 116.273411) (xy 81.396525 116.516632) (xy 81.603368 116.723475)
        (xy 81.77776 116.84) (xy 81.603368 116.956525) (xy 81.396525 117.163368) (xy 81.23401 117.406589) (xy 81.122068 117.676842)
        (xy 81.065 117.96374) (xy 81.065 118.25626) (xy 81.122068 118.543158) (xy 81.23401 118.813411) (xy 81.396525 119.056632)
        (xy 81.603368 119.263475) (xy 81.77776 119.38) (xy 81.603368 119.496525) (xy 81.396525 119.703368) (xy 81.23401 119.946589)
        (xy 81.122068 120.216842) (xy 81.065 120.50374) (xy 81.065 120.79626) (xy 81.122068 121.083158) (xy 81.23401 121.353411)
        (xy 81.396525 121.596632) (xy 81.603368 121.803475) (xy 81.846589 121.96599) (xy 82.116842 122.077932) (xy 82.40374 122.135)
        (xy 82.69626 122.135) (xy 82.983158 122.077932) (xy 83.253411 121.96599) (xy 83.496632 121.803475) (xy 83.703475 121.596632)
        (xy 83.82 121.42224) (xy 83.936525 121.596632) (xy 84.143368 121.803475) (xy 84.386589 121.96599) (xy 84.656842 122.077932)
        (xy 84.94374 122.135) (xy 85.23626 122.135) (xy 85.523158 122.077932) (xy 85.793411 121.96599) (xy 86.036632 121.803475)
        (xy 86.243475 121.596632) (xy 86.40599 121.353411) (xy 86.517932 121.083158) (xy 86.575 120.79626) (xy 86.575 120.669803)
        (xy 86.595 120.689803) (xy 86.595 120.751939) (xy 86.634774 120.951898) (xy 86.712795 121.140256) (xy 86.826063 121.309774)
        (xy 86.970226 121.453937) (xy 87.139744 121.567205) (xy 87.328102 121.645226) (xy 87.528061 121.685) (xy 87.731939 121.685)
        (xy 87.931898 121.645226) (xy 88.120256 121.567205) (xy 88.289774 121.453937) (xy 88.433937 121.309774) (xy 88.459438 121.271609)
        (xy 88.475724 121.284974) (xy 88.607753 121.355546) (xy 88.751014 121.399003) (xy 88.9 121.413677) (xy 88.937333 121.41)
        (xy 89.433827 121.41) (xy 89.444053 121.443709) (xy 89.525542 121.596164) (xy 89.635208 121.729792) (xy 89.768836 121.839458)
        (xy 89.921291 121.920947) (xy 90.086715 121.971128) (xy 90.25875 121.988072) (xy 90.74625 121.988072) (xy 90.918285 121.971128)
        (xy 91.083709 121.920947) (xy 91.236164 121.839458) (xy 91.369792 121.729792) (xy 91.44 121.644244) (xy 91.510208 121.729792)
        (xy 91.643836 121.839458) (xy 91.796291 121.920947) (xy 91.961715 121.971128) (xy 92.13375 121.988072) (xy 92.62125 121.988072)
        (xy 92.793285 121.971128) (xy 92.958709 121.920947) (xy 93.111164 121.839458) (xy 93.244792 121.729792) (xy 93.345 121.607689)
